R
con=file("means_130t_5r_12s_12-8x8-7-42_130zap", "rb");
v<-c(readBin(con,"double",130,size=4))
shapiro.test (v)
t.test(v, conf.level=0.9999)
par(mfrow=c(1,1))
d <- density(v)
plot(d)
 rez <- t.test(v, conf.level=0.9999)
ci <- rez$conf.int
ci[1]
ci[2]
ci[2]/ci[1]
(ci[2] + ci[1])/2
	Shapiro-Wilk normality test

data:  v
W = 0.99167, p-value = 0.6349

	One Sample t-test

data:  v
t = 67.97, df = 129, p-value < 2.2e-16
alternative hypothesis: true mean is not equal to 0
99.99 percent confidence interval:
 4526.347 5094.774
sample estimates:
mean of x 
 4810.561 

[1] 4526.347
[1] 5094.774
[1] 1.125582
[1] 4810.561
> print (v)
  [1] 4223.917 5661.783 5439.417 4936.650 5443.467 5397.767 5364.183 3820.867
  [9] 4797.083 4663.883 4159.917 5305.617 6212.950 4534.267 4779.183 4503.467
 [17] 4823.350 5171.433 5948.317 5323.517 5450.033 4355.700 5970.650 4445.867
 [25] 5157.650 3686.333 3449.383 4662.333 4358.817 4143.100 4543.833 5497.350
 [33] 5561.250 4594.183 5762.033 4420.167 4958.083 4912.117 5587.133 4700.200
 [41] 4004.267 4140.200 5648.000 2997.083 5720.600 5176.450 3743.967 4572.883
 [49] 4840.950 5715.950 5551.850 5352.550 6006.967 6834.417 5079.167 2967.983
 [57] 4253.400 3855.783 5192.600 3456.733 4688.433 5691.400 5489.783 4660.333
 [65] 5686.483 6169.183 5028.650 4766.800 5103.917 4131.950 4162.550 3370.983
 [73] 6045.383 3868.150 4936.300 4314.317 6143.000 3652.150 4017.667 5077.317
 [81] 4284.000 4226.783 4866.017 5831.833 3852.367 4860.083 5286.333 4011.483
 [89] 5146.800 5138.850 3575.217 4428.100 5797.650 6686.633 3621.167 4683.967
 [97] 3759.867 3633.983 3778.017 4406.100 6734.933 3906.633 6141.950 4941.850
[105] 3668.783 4274.583 4063.167 5652.667 4867.217 5177.267 4625.150 4247.583
[113] 4129.200 5163.000 4809.800 4788.633 5007.283 4001.617 4821.667 4192.967
[121] 4662.017 4209.350 4182.600 4517.650 6446.417 5488.083 5075.050 5584.067
[129] 3768.600 5504.050
>
~~~~~~~~~~~~~~~~~~~~~~~~~~~~~~~~~~~~~~~~~~~~~~~~~~~~~~~~~~~~~~~~~~~~~~~~~~~~~~~~~
./standard 130 5 12 8 7 59 0
130 5 12 8 7 59 0
1634.650024,1667.916626,1363.333374,1140.300049,1481.349976,2534.933350,1871.416626,1697.949951,1404.750000,1489.633301,1674.966675,1798.666626,1367.916626,1791.416626,1760.250000,1451.166626,1271.900024,1659.199951,1172.483276,1284.550049,1713.333374,1421.783325,1405.116699,1530.550049,2038.300049,2203.366699,1562.433350,1288.216675,1724.933350,1268.750000,1554.300049,1741.966675,1545.933350,1486.250000,1656.666626,1556.800049,1390.733276,1824.833374,1482.833374,1704.000000,1506.000000,1274.800049,1710.083374,1416.699951,1052.166626,1604.183350,1526.666626,1311.449951,1702.400024,1426.983276,1715.150024,1499.283325,2085.833252,1504.349976,1585.433350,1530.233276,1139.966675,1953.699951,1360.383301,1508.483276,1395.983276,1746.166626,1638.983276,1541.916626,1471.066650,1140.716675,2254.750000,1388.383301,1540.916626,1187.133301,1402.566650,1265.599976,1396.150024,1818.783325,1608.166626,1702.449951,1716.116699,1716.883301,1539.816650,1509.349976,1769.133301,1994.116699,1575.866699,1616.433350,1366.000000,1583.699951,2059.716553,1338.983276,1911.266724,1748.750000,1138.783325,1488.416626,1447.566650,1431.616699,1895.366699,1205.583374,2000.933350,1494.483276,1289.583374,1775.583374,1957.916626,1890.833374,1342.233276,1508.666626,1600.783325,2048.116699,1810.333374,2299.399902,1646.383301,1857.250000,1845.650024,1940.516724,1287.750000,1477.800049,1374.533325,1388.966675,1587.616699,1848.449951,1096.283325,1373.900024,1842.150024,1608.949951,1271.016724,1663.033325,1618.266724,1420.650024,1609.416626,1336.650024,1795.583374,1866.866699

Shapiro-Wilk normality test
data:  v
W = 0.97777, p-value = 0.0312
[1] 1494.08
[1] 1680.749
[1] 1.124939
[1] 1587.414
